A
[0.9234261512756348, 0.3451080322265625, -1.4542741775512695, -0.8283181190490723, 1.2839161157608032, 0.23400002717971802]

B
[1.027738094329834, 0.516916036605835, -1.4235939979553223, -0.8344540596008301, 1.0967681407928467, 0.23240000009536743]

C
[1.0568840503692627, 0.6381020545959473, -1.4220600128173828, -0.8252501487731934, 0.9893879890441895, 0.23240000009536743]

D
[1.138185977935791, 0.7439479827880859, -1.3699040412902832, -0.7424139976501465, 0.8344540596008301, 0.23199999332427979]

E
[1.1657980680465698, 0.9387660026550293, -1.3867778778076172, -0.8068420886993408, 0.8589980602264404, 0.22839999198913574]

F
[1.1535260677337646, 1.0231361389160156, -1.4051861763000488, -0.8237161636352539, 0.951038122177124, 0.22839999198913574]